[ 0.04127776  0.03955669  0.03561397  0.03561397  0.03561397  0.03551448
  0.03551448  0.03551448  0.03551448  0.03551448  0.03551448  0.03551448
  0.03551448  0.03551448  0.03551448  0.03551448  0.03551448  0.03551448
  0.03551448  0.03551448  0.03551448  0.03551448  0.03551448  0.03551448
  0.03551448  0.03551448  0.03551448  0.03551448  0.03551448  0.03551448
  0.03551448  0.03551448  0.03551448  0.03551448  0.03551448  0.03551448
  0.03551448  0.03551448  0.03551448  0.03551448  0.03551448  0.03551448
  0.03551448  0.03551448  0.03551448  0.03551448  0.03551448  0.03551448
  0.03551448  0.03551448  0.03551448  0.03551448  0.03551448  0.03551448
  0.03551448  0.03551448  0.03551448  0.03551448  0.03551448  0.03551448
  0.03551448  0.03551448  0.03551448  0.03551448  0.03551448  0.03551448
  0.03551448  0.03551448  0.03551448  0.03551448  0.03551448  0.03551448
  0.03551448  0.03551448  0.03551448  0.03551448  0.03551448  0.03551448
  0.03551448  0.03551448  0.03551448  0.03551448  0.03551448  0.03551448
  0.03551448  0.03551448  0.03551448  0.03551448  0.03551448  0.03551448
  0.03551448  0.03551448  0.03551448  0.03551448  0.03551448  0.03551448
  0.03551448  0.03551448  0.03551448  0.03551448]